 match_id | winner | loser 
----------+--------+-------
        1 |     59 |    60
        2 |     61 |    62
        3 |     67 |    68
        4 |     69 |    70
        5 |     75 |    76
        6 |     77 |    78
        7 |     83 |    84
        8 |     85 |    86
        9 |     91 |    92
       10 |     93 |    94
       11 |     99 |   100
       12 |    101 |   102
       13 |    107 |   108
       14 |    109 |   110
       15 |    115 |   116
       16 |    117 |   118
       17 |    123 |   124
       18 |    125 |   126
       19 |    131 |   132
       20 |    133 |   134
       21 |    139 |   140
       22 |    141 |   142
       23 |    147 |   148
       24 |    149 |   150
       25 |    155 |   156
       26 |    157 |   158
       27 |    163 |   164
       28 |    165 |   166
       29 |    171 |   172
       30 |    173 |   174
       31 |    179 |   180
       32 |    181 |   182
       33 |    187 |   188
       34 |    189 |   190
(34 rows)

